390

mmmcmuufflumu.
16. 35. 37. 10,1.³. 4. ll, 9. 23. 26.
29. 12, 6. 11. 25. 13, 2. 4. 5. 6.
10.12. 14,11. 23. 31. 33. 36. 39.
42. 46. 15, 2. 5. 6. 8. 9. 12. 13. 14.
wmfflpfflumupemx
31. 35. 47. 57. 4,1. 4. 9. 14. 5,
2. 3. 16. 19. 23. 37. 43. 44. 51.
6666666166661
Η66666666
66666666ω.
914. 15,1. 7. 1417. 19. 16,
11. 13. 20. 32. 35. 37. 40. 42. 44.
17, 3. 10. 17. 20. 21. 25. 30. 45.
49. 50. 58. 77. 083.10(biu). 39.
eumwfflfflu

5(m5mnmmmum
25. 16, 15. 28,.7 37, 25. 1110,
17.13,37.19,13. 11121446).
11,21.142115,.817,2.21,11.
27, 5 25. ΠΙΙ,13 21. 1113 8

pmmmfflmnwup
8.,1114 70. 24, 48. 111, 12. 2, 20.
3,.2210,.1811,8. 162. 4017,

5„esscaffleuffipe
*31, 17 sq. 32,2eq. 1113,1sq. 37.
66Ηη661666
566. 13, 5. 24, 43. ΠΠ4, 74 eq.
6669666

61...61...61136,166.

61...61...61...611Π11,13- 15.

etenim 1Π15, 17

61161611111,29 11116,19

Etru ι6 1116, 4. Etruscum 111 29,
3508381111666612,14.111166611
mmo,

euugunti 1111 15, 10.

666111111, 6.

696116 6661616 1114, 55.

6661111 11114, 65.

Euhias 11116, 9.

11611166 1 18, 9. 1111, 17.

euhoe Π 19, 5. 7.

66111661 11 15, 5.

661161611,5.

Eumenidum 11 13, 36.

Europe (myth.) 111 27, 25. 57.

Europen 111 3, 47.

116666128,25.11]14,43.Ε10,5. 16,
51ΜΜ66666Μ
mufflum

Euterpe l 1, 33.

enmxmufflwuu
prmfflmwfflm
mu

examen I 35, 31. 112, 65.

INDEX VERBORVM

exanimae 11 17,1. exanimari III

exaret 118, 4.

excantata Ε5, 45.

excidit 1115, 29.

excido excisus 111 9, 67.

excipere 111 12,12. excipiebat 11
15, 16. excepit 1111 9, 23.

excitare 1117, 79. 616116161112, 5.

excludet 1115, 10,

excubiae 111 16, 3.

666956 excubat 1111 13, 8.

excutitur 1119, 19.

execrata 111613. 36.

exemplum IIII 11, 26. 6166616111
um

exeo exit 11191. exitura 11 3, 27.

exercet IIII 14, 21. 112, 3.

exercitatas Ee, 31.

exercitus l 16, 21.

exhauriebat Ε5, 31.

6116661 Ι31,11.

exiget 1111 15, 18. exegi 111 39,.1
exectos 1113, 31. meae.

6116611293 6 011810 611

61111811111714611166111116.

6661166111161117,62.

61111661 Haec.

6111611Π2,19. 61116611Π14,41.
†IIII 15,1.8

exitium 115, 21. 111616. 6111191
16,17. 28,18. 11116, 13.

exitrim Π16, 6 29, 29. 6111161111,
34. 14, 38. Ele, 81.

61616616 III 25, 9.

exp uuit Ι 37, 23.

*exp cetat te11114, 11.

exp 66111139 6166616111 111145
616661611116,15.6166111161111
25. expedies 111243 6166111611
27, 24. expedita 116, 25. 61661119
111, 12. expeditis lae, 11.

eupericr 61661166 13, 34. Π114,.
expertae †11114‚ 11.

expers 1114 65. 11, 11. experterssfl

expes 1116, 37.

expetit 1111, 3.

6161616 1117, 38. expiatur 115, 99
6161666112,29.6161611621,1

expirauero 115, 91.

exple 117, 22.

cxpprpp 1111 9, 44. 6161166616111

expugnat 111 15, 9.
6166616 ae, 37.

 

