438 INDEX 766606711

umbrosam 111 1,23. 3361661614, uolo 11616112 34361616111640. 16
11.12,5.1631613137,16.36163116111612
1131616115, 18. 3316133121, 12. ΠΙ 11616316111113,3.1112,.1 17,’60.
20, 14 umeros 12, 31, 13, 10. Π 36111316, 3611161233. 11113
20,12. ΠΙ 127 31116116Π1332. Π116,118,361161112,’23.161131
1111,66.111116,3.Ε3,11,11,1411136662 1616113133
3311361112,10.116161’116311Π1151 3616316117,
33161112, 23. 18,6. 17. 36166116,,2Ἐ17,40, 7016
umquam 113, 2 ,17, 16. 113, 16. 13 161ΠΙ24, 25 6613111112, 14. 16
†7, 12 13616 Ι 12, 31.
una 1112338. 361366ΙΠ21, 4.
33636 135, 20, Volture Π14, 3,
3311611332.Π6,.47,16.33666Π uoltus 12,4’0, Π13,3. Π115,.6
1323113116 Π14,11 20,8. 1114, 3611361 ’13,8, 36111113Π4,·21.’111
’8 undas 11127 86. 1111’4, 44. 14, 6, 44. 1101111137, 26. Π6,24. 11,
28. 816, 21. 1111111612, 14. 28, 22. 11. 11111, 21. 1ΙΠ2,43.’ 1101111
Π112,7. 111, 20, 1164. 17, 18. 3611611
33116(1“21161’169.)Ι35,36. 1116,87. 5,3’3
27,37.116,85, 361361116 11111, 40.
33116 (1611111112 7. 17. 28, 28 116, 36136361128,’6. ΠΠ13, 16 1117,
312 7. 111 1138. 13,1’5. 11114, 24 (11111). 3111361613 184,8. 1111
1311626. 13,16. 188
undenos (1821. 36133166 127, 18.
undique 17, 7. 16,14. 26,18 Π15, 116166 3613616119 22. Π116, 46. 361
2. 1112, 7. 363116 1112368, 36131131 1111
unguentum Π114, 17. 33336316 Π 14, 25.
3, 18. 7, 23, 3636161322, 63 11631616Π113,.11
3311311134. 111624. 3333163610, 366121μὸ 3’. 1114, 26. 37. 41. 14,
18. 1118, 24. 11'6, 63 10. 1116, 86. 6826. 1106116, 88.
333316111612. 37.(1843
tmquo 3311616 1117,11, 33611Π11,36113613 1117, 31. 36113315, 14,
17. 33616111, 5.’ 115, 16 unctis 6666666606611'112, 56 8,34. ’.16,1
123,,1’8336661Π12,’.733611611 E7,.660616118,6.,.11126661111
5,68. 6,1’3, Ε17,(12. '0871
331661Π14,.5 331616Π18,14. unice noueram 1118, 6.
120, 5. uox 366161Π1’2, 46. uocem 164,4.
1131161114,,,4,,,81112433612815 3666110,.’311.Π14,.’,31Π111
37, 13, 11111, 33. 27, 87. 333131 35 115, 46. 6 9 1166461117, 22.
7,6,33111611Π330331Π2,12. 3661636’11,2’21,11Π6,2.2 115,
22, unum 115, 4. unum 1112, 16. 76. 17, 6. 78.
3361171311831110111415 3166117110.31616ΠΠ2,41.11161
36661613112, 7. 1Π23, ’26 1133 316631 12,4· 6,
Ι’1106611111233110661Π16,30, 24, 6. 1116, 14. 611, 7. 16, 11. 1'7, 56.
46. Π115, 18. 36666114, 10. uo (1833.”31661Π5, 12. 8,17.’18
66112, 25, 6666336130, 2. uo· 11 31666135, 10. 316111131Π16,
66311132, 16. 1117, 81. 3661161111 18 24, 27. 11Π’3, 13, 3161636116.
10, 22, 366636116Π113, 46. uocari 18. urbes 1120,'6. 1114,46. 1111
12, 43. (1815 36661116 Π18, 40 4,42. 66. 16, 2. 211 3161666113, 26.
5616), 36661,,61Π223 1366. 76. 31366Π3,3. 18 20 31 6115, 2. ’22
1166633614,8.1Π,.453 20 2461Π2757 1726 31
3613 aris 1Π2, 23, 3631115, 23. 3136313111Π3, 27.
uulgauit 1112, 27. 36136 61:176 67. urgendo Π 10, 2.
36131666Π119μ3 3136113,.26Π11,10.11,22,
361311613325, 1118,82. 16, 40 uro urit1†4,8. 11),.5 7. 3161611
Π11,1. 11,4316161Π11’6,.13Ε7,6.
uolitant 11116, 16. 3163116 1Π4, 81. 31611 16, ’35
11613361111,17, 3613616127,12. 3161118, 3. ’316116 111313611-

 

