410

neclegis 1 28, 39. neclegens 111 8,
26. necleget Ill 21, 10. neclectus

INDEX vaassonvii

Neronum 1111 14, 14. Nerombus ΠΙ]
4, 37. Nerones 11114, 28.

1Π2,39. neclecta (11168. nec- 1161666 612,16.11616166,11.16·

lectum 12, 36. neclecti ΠΙ 6, 7.
occo necato 129, 6.

666161 ΙΠ 3,12. 66616116 I 13,16.

nectis 1 29, 6. 666166 E 17, 72. necte
1 26, 7. 8. nexae 1 38, 2. nectendis
161116.

nefas 1 6, 66, 11, 1. 1616. 24, 20.
611. 616, 6. 16 4, 66. 24, 24.
66.11116,66.6,11.11,66. 66,
61. 1e,14. 66.

nefasti 136, 96. 6616616 Π13, 1.

6691696611. 6661696.

nepo negat Π 12, 26, neget 1 29,10.
negabitis 11 9, 11. negauerit ΠΙ 16,
21. 663661111331. ne tum
11 17, 27 . negata 122, 22. 2, 22.

negotio 111 29, 49. negotia iii 6, 63.
negotiis 112, 1.

nempe 212, 22.

66166611, 30. 17, 6.Π119,6. 17,9.
26,13.ΙΠ12,39.116,9. nemorum
121, 6. ΙΠ22, 1. 1ΠΙ3, ll. nemora
Π126, 2.

66616 III 28,16. Ε 17, 29. neniae Π
1, 38. neniae (plur.) Π 29, 21.

Neobule 1Π12, 6.

nepos 110, 1. 111, 34, nepotem 111
3, 31. 1117, 8. nepotes 1 2, 36. ll
-1, 27. nepotum ii 13, 3. iii 17, 3.
nepotibus 117, 20.

Neptunius 119, 7.

Neptunus 1117, 66. Neptuni 1Π28,
2. Neptunum 111 28,19. Neptuno
1 66, 66. 61, 6.

aequom nequiores 111 6, 47.

neque i 1, 66. 6, 66. 4, 6. 6, 6. 1,16.
6, 6. 16. 6,16.16,61. 16, 6. 16, 6.
66, 11. 22‚2. 16. cao. 1. 11616.
16,1. 6. 16. 11,16. 1616. 14, 22.
16, 6. 1. 6. e. 16, 1. 6. 66, 6. 111
1, 66. 66. 6, 4. 6, 61. 6, 66. 1, 66.
6, e. 1616. 11, 6. 43. 16,1 oio.
6. e. 21,19. 66. 24, 66. 66, 46.
116 6, 6. 4, 61. 1, 66. 6, 4. 66. ii
1, 29. 2, 6. 6161. 1,11, 6, 66.
16, 6. 6. 16,.6. 66. 66. 66, 11,

nequicquam 13, 21. 16,13. 16.
nequitiae 111616. 16, 2.
Nereidum Π128, 19.

1161616111 1117, 8.

Nereus 116, 6.

. 666 128, 13. neruis 111 11, 4.

nescio Ill 24, 64. nescis m 27, 73.
666611 1111616. 24, 64. nescis·

nescius 16, 11666616Π12, 17666611
16, 6. 6666166 1111616.

116661 1117, 32.

11661616 i 16, 22.

666 l 2, 61. 33, 2. 36,14. 36,11. 11
16. 16. 16 (bis). 616, 61.

6666 12, 47.

6166 66616 117,18. necem 111 7,16

6111116, 61. 616.

nidum 111111. 1111 12,6. nido llll
4, 6.

nicer 11 10, 5. nigri 111 27, 23. niem
1111 4, 66, nigro 124,1e. iliis,
28. mgrum 1 6, 16. nigro 1 32,11.
lie‚s.iiie,4.nigri111112,11.
nigrorum 1111 12, 26. 1118116167.
61, 1. 66, 11. 616, 1.

nihil 11616. 66, 12. 66, o. 6 16, 11
1611. 16 6616. 61, 61. 1111 6,11.
611, 1. es 11.

nii 1 6, 61. 1, 61. 1611. 141461,

. 9. H 3, 22. 24. ΙΠ la, 22. 25, ll.
18.IIII4,13.1311, 11.11.1i,11.

Nilus Π13,48. ΠΠ 14, 46.

nimbos Π16, 23. nimbis 111111.

11111116 12,.17. 1Π7, 14. 24, 62.

nimium 11 12, 6. 6161111111 (1161611111,
11. 16, e. 22, 61. 1161616661.
111666, 8, 26. 1111 6, 2. nimiol
18, 15. 66,1.

Niobea 111161. ,

Niphaten Π 9, 20.

Nireus 1116616. Nirea 611, 66.

nisi 116, 6. 1616. 116, 6. 161166.
6111, 16. 61, 66. 61, 16.

nisus ΙΠΙ 4, 8.

nites 16, 13. 6116111 11, 19. nitent
1111 6, 8, 611666 Π 6, 18. 61166111
ΙΗΛ9Π67

nitido III 24, 29. nitidum 141. 111
19, 26, nitido 1189.61111116Π12,19.

nitor nititur 11116, 3. 61166161 11 121.

61161 119,5. 1Π12,6.

niualis 137, 18. niuali Π123, 9.

niueus 11116, 59. 61666 114, 3. ni·
neum 616166.

616 61616 12, 1. 616619, 1. 1Π26,
19. 2619. 1111164. 6166611124,
66161 1,1. 1616, 616, 6. niues
iii 19, 7. 112, 39. 6, 7.

 

