INDEX VERBORVM 401

13, 12. Π 12, 18. iocos 111 21,
0οῌ100
aa
mn
1: 2, 64. Ionicos ΙΠ 6, 21.
1110, 19.
00010001ῌ1
18, 13. Ε 16, 2. ipsum (1110001
33. 33,13. ipsum 13, 38. 11
1. ipsoll2‚17. 11112, 3.
(iffi 1111 4,69. ipsiu I 31,
1, 6.
212. 8,16. ΠΠ 16,19. iram
imwssmlmiu
01 111 27, 70. iras 1110, 31.
0 1 16, 33. iracunda (11111111
iracundior 111 9, 23.
1116,14. iratae 1110110.
n 111, 0. iratos 11111, 10.
mm&
mmmfflmm
w.
.s 11113, 3.
,0000
0000000100
Π 13, 18. 1101011 7, 4. italae
6,13. 110100 11131113. Italas
,0
0100000000,
‚imm
131, 4. 11 1312, iterabimus
2. iterabitur 111001. 110111-
ima
nmuffim
000
[mm
wffifflumssmma
1011124, 67. 101)οΠ3, 14. 10-
111121,7.101)0111001116,19.
1110111 HI 3, 2. iussus 116, 91.
1. iussa 111010. (1839. iussi
7. iussas 1117, 37.
1 Ε 1, 6. iucunda (plur.) E 2,
0001111101 112, 66.
111319. 11Π 9, 41. 101110οΙ
[bem II 13, 22.
001000010
rum ΙΠ 16, 29.
{gandia 0818.
136, 23. Π 6, 1. ΠΙ 3, 14. iugo
,101131130111102111
.29,8.111,11,3,11. iugis
,0000

mv· 1. 0112.

Iugurthae 11 1, 23.

10 01111100 119, 23.

101001 1 12, 47. Iulia 1111 16, 22.

10110 2112, 2.

iungas Π 2,11. iunxerit 1116, 31).
iungite OS 23. iungentur 133, 8.
iuncta 11119, 17. iunctae 14, 6.
'iunctas 1 26,1, 10110110 111 23, 16.

100101 133, 3. 10010100 ΙΠ 6, 26.

1000111,26.1Π4,69. 1011001017,
8. Iunone 1Π3,18, '

mmwmwuimmmw
000100100000

11114, 4. 74. 1116, 63. Iouis 110, ,

001001Μωο010
0000000οη00
11000οΜ1Μηο1
117, 17. 111 4, 49. ΠΗ 16, 6. Ε9,
3. 1000111 13, 40, 1116, 1, 116, 3.
10, 18. 13, 2. OS 73. Ioue 1 1, 26.
ωο00000

iurabas 1116, 4. 10101000 1116, 26.

10110 Π 3,1. iure 1111010. 1Π111,
17. 10111 123, 32. ΠΙ 3, 44.

1001111110 124, 6, 1117, 16.

iustum 111 3,1. 111010 I 12, 64. III 7,
24. 100111 IIII 2, 11. 100110 ΠΙ 14, 6.

iuuencae H 6, 6.

1000110010 111 27, 46. 10000010 11 3,
21. iuuencos 1117, 39. iuuencis
Μ10οω1

1000000011 11112, 66.

iuuenis Ill 9, 3. 1111 4, 24. iuueni
111 11, 37. 1112, 3. 1000110111 12,
0014Μο00000
1111101100 12112. 1111 13, 26. 11100-
11010123,19. 3630. 118,7.1Π
00000οΜ1000
iuuenes 16, 18. 11 12, 7.

1000111110 111216. CS 46. iuueni-ii 1
00000

iuuentae Π11,6. 11114,6. 1117,21.

quentas 130, 7.

iuuentus 1 2, 24. 4,19. 36, 36. 111 4,
wi&

111110 iuuat Ι 1, 4. 2, 38. 3111. 111 19,
οΜ1οω00001
13, 9. iuuant 1 1, 23. 100010111,
16. 10001 Ei, 39, 16, 31. iuuetis
(11000111)Ε10,22. 10001101 11249.

ωο000

11.

Kalendis ΠΙ 3, l. 112, 70.
26

 

