392

INDEX VERBORVM

13. 111 3, 41. 50, 15. 11115, 11. E 51111 1111 11, 13. findun1 111511,
9, 32. 155551551629,34. 1555511 findere 1 1, 11.

17, 34. feratur 1110, 11. ferebar 6530116 232. 653551 1111 312.
611, 20. 1555655156 19, 27. ferar 6531155 111 6, 22.

1120.1.

ferox 1 3, 3. 1313. 55, 3. 33,10.

11515. 1113,44. 1111 3. 21. 4310-

55151115. 1114, 33. 1111611151.
finis 15411. 111111,55. 51155.
65551 18,12. 11, 2. 65511310.

555116 4, 31. 1550515 61 2, 3. 1111 Π 18, 30, 1151515112, 22. 65156

2, 34. 15505105 137,29.
1555515 1111 14, 30.

ferrum 1221. 36, 40. 15550 6111,

32. 27, 43. 1111 5, 3. 4, 30. 5510.
13, 33.

fertilis 113,19. 61 16, 31. 6822.
1551115161 3,10. fertilibus Π 16, 8.

feruidus I 30, 6. 1555151551 111, 27.
feruido 19, 10. 1555166 617, 32.
feruidi 1111 13, 26. 1555111056 15,
3. feruidis 1 1,4111 24, 33. ferui-
dior3 611, 14.

155511 (feruet) 1111 2,7. 15555551 13, 4.

feruor Ι 16, 24.

15555 118,14. 1555 11129, 40. 616,
7 15555612,1. 611627. 15515
Ε7121711.15555110,.2 1114,
3315131164.

1555115111 29,22, fessum 117, 18.
155515114, 11. ΠΙ 13,11. 15550511
2, 63. (1863. 155555 1114, 38.

15511555 Ι28,36.1551155111611,9.

1551051118,9.14,13.18,11. 15510
61 28,1. 155105 113, 7. 155155 161
3, 42. 551. festis 55, 55.

151115 611 6, 27. OS 31.

151555151511127,4

6555 1116, 46.

66511 612, 25. 6651515114, 18. 161
4,3. 6661165511511111516,

11655118, 16 II 18,9. 1616, 30, 24,
59. 1111' 5, 20. fidei 61 7, 4. 6515511
16 6 1165133, 4. 317, 37.

18, 2. finibus 13, 6.

finitimum 16 24, 88. finitimi 6163,

55 fis 111 13, 2. 1115415. 1555
5, 52. 655 116, 27. 65555 68, 3.
mmmmfflmmn

65155551 1116, 46.

61Ἧὶιῖ 111, 16. firmo E 12, 3. firmior

651515 ΙΠ 19, 20. 651516117,10.16
1, 24. 12, 15.

Flacco 111612.

6535110 11126, 11. 65351115 6411.

6531115115Ι 11119,50. 6531110 61616

10 18, 13.

653555 66, 81. 6535555 126,.13
65315561 111 13, 9. 6535151156

6115115516 19,19

6515515116,3.1612,16.4,.4311
17, 33. 651515515150. 6111511155
1111 11, 11. 1555151155156

6511111116,

65565 63136555 111515. 65555
64, 14. 1155011112, 13. 8, 8. 655511
15 4 flauo 1614 4 655056

6501115 124, 9, 65661662, 21565·
0111655633 6566105124,Ιο
656111155111112,6.

65ῗΙ111ῗ6 19, 17 6501555 111 7,26.

65511171.6560116,16.6561511010,

Fides 124, 7. 36, 21 (1667. 10. 65111166 6615555166, 74.
fides fidem1,24 14 fid3117,18. F. 83311814,1'1. 655555 119,17.

139611165511211. 26,10. 36, floret 313, 44.

1. 613, 24. 1114 4 11113,12. 6051111516. 1101514,11). 11120
fidicen 1163, 23. 6, 25. 3116 10, 4. 60555 61 8, 2. 60505
fidit I 14, 15. 1624, 20. fidens 111 111 27, 29. 60555 126, 7. 113, 14.

4, 30. fidentes 1115, 33. 11121,44 floribus 11 11,3.11113,
fidus 11119,40. fidum 1112, 16. 2. 661, 32
fig1311124,3. 635 61 15, 2. fixae 655 55114 2 111 27 42. 65566551

116,.39 11328>611141411118,25.
63556 12, 41. 112, 61. 10, 4.
6115114,12.16,1. 1616, 8. 111155 6515511 66,1.1 0,.21 664, 88. 15,

11127 ,36, 6115115116, 64. 24 flunfini3120,3 16 29, 33.
6115512,13.1119,11 27,68. 11116, flumine 6 14, 1765511155 Ι9,4.

6611um1814 34,9.111,33.17117,4,El314
165156156316. 651515515112,10.

 

