INDEX VERBORVM 439

murl 515. urantur Ε 16, 55. uri uterque 112, 11. utriusque ΙΙΙ 8, 5.
1111, 11. usto E10, 15. 34114 Ε utrumque 1115, 25. 11, 21. 11 133.
9, 8. 10, 55. utramque Π 17, 8.
3111131116, 5131111Π1 15. 3111133131οΠ192,1,
31113111 11 20, 1. usitatis ἒ 5, 73. uti (p.cmnparatiua)1 15, 29. ΠΙ 15,
usquam 1115, 5. Χ 10. 1111535. 115, 5. 51. 311 (p.
unffi} 1,ὶὲ ἓ1ἓζῖ4.1ξ1,21131. 11111331Οέ 311ᾖ11ω111181)31ῗέἰ.8171111411 111, 41.
ad 11113. 1111113111 135, 38. 115, 0. 11127, 51.
11311133 117,11. ΙΠΙ 5, 37.
3133 1111,45. 33331Ι17,1.1Π11,4. utor uti 11113. IIII 5, 45.
333Π9,4. ’11,4. 31111Π13, 51. utrumne Ε1,7.
ut (p. comparatiua)I‘1,16. 5,15. 5, 33113 11510. uuam 120,10. 11113.
1. 11, 3. 13, 3. 13, 5. 115, 15. 111 uuis 113, 20.
1, 41. 5, 41. 1,13, 131. 15, 11. auidus 11 15,15. uuidi 1111 2, 50.
11114,51. 5, 3. 1113. 11113. 311111111533. 1111311511.
33. 34. 1,1. 1, 5. 5, 3. 1133. 3,13. uxor 11 14,11. 13,13. 111331. 15,
1,1.11,15.13,11.14,3.11,11. ut 1. 1113. 111, 11. uxores 1 11, 1.
(p. temporalis) IIII 4, 42. 515, 5. 11125, 21.
5,11. 7,19. 15, 54. ut fflmiran· uxorius Ι 2, 20.
113 331131119333113)111,11. 52,
15. 01. 15, 31. 05. 17, 50. 55. ut x,
(3.3331441131.)Ι1,13,15,4.110,5. X ,hi Π 2
51,10. 31, 20. 21. 111 1, 5. 1,11. 23550811114'5 ,6
mmmmwmwfflm. ‚-
25. 25. 1, 5. 1. 5. 3,13. 10, 5. 11,
15. 10, 31. 11, 11. 34. cs 22. Ζ·
utcumque 111,10.55,25. Π 15,11. Zephyris HI 1, 24. ΗΠ 7, 5.
1114, 25. 11114, 55. 1111, 51. 2055 11111, 55. zonis 1 50, 5.

 

