INDEX VERBORVM 429

111 1, 21. 21, 4. somno 1114, 14. 1111, 10. spiritum 11 2,10. 16,

3111331263. 1116, 16112, 38. ΠΠ6, 23. 3311113 E 17, 26.

36. 14, 3. 33113 ΠΠ3, 24. spiratIIII 3,10. 331-

11, 24. sonitum Π 1, 32. 131131111113,13.

ant 1113, 3. 3333313111 Π 13 331333 Π 16, 3. 331333 ΠΙ 18, 26. spis-

14,67. nnec. 3311331311 333Π113,11.

16, 12. sonari 1117, 40. splendet 11 16, 14. 111333, 33133-

17,17. sonum 11 17,26. 1111 deat 112, 4. splendentis 1 13, 6.

3333 Π 13, 38. splendida 11117,21. splendidior 111

24, 6. sopore Ε6, 66. 13, 1. 18, 23. 331331133111 11, 33.

Ι 3, 2. 333333 123, 22.

Π 10, 7. 1117, 46. sponsae 1111 2, 21.

128,14. 11 16,18. sordidae sponsus 111 2,10. sponso 1 23, 6.

17. sordidum Π1111,11. 3 333311111,31.

os 111, 22. 13, 33. sta ilis cs 33.

14, 6. III 14, 7. sorore 111 3, stabulis 14, 8.

13133113,16,33131331Π3, stagna 1116, 4.

>roribus 111 13, 17. sorores 313133 statuis 111 24, 28.

,2. ΠΙ 11, 40. sororibus 1111 statuit 11 1313. 313133131 1 29, 8.
status ΠΙ 23, 26. 31313 1114, 64.

κ, 27. sortis ΠΠ11,22. 331- 313113 1 12, 28. 111 23, 13. 3131113 11

1o,14. sortem 13, 33. 33, 13, 14. 111 13, o. 33, o.

14,16. stercore 1112, 11.

ΠΙ 1,16. sortiere Ι 4,18. 31311131311123, 8,

· E 4, 1. sternet ΠΙ 17, 12. strauit Π11 14, 32.

36, 4. 37, 13. 33331113 1118, 31133313 13, 10. 16, 18. stratus 1

33113 128, 27. 0840. 33331- 1, 22.

[1 14,10. Stesichori 111133.

»us 33, 13. Sthenelus 1 15, 24. 1111333.

Π 18,14. sparge III 19 22. stipendium 311, 36.

rc 111 16,6. spargens 116, stirpes 1Π23, 37.

urges 11 6, 23. spargent 11 3133131Π3,5. stet 1 3,1, 111 3, 42.

sparsisse II 13, 7. spargier 28, 6. 31331331 1 36,14. 3133113 111

, 8. sparsum 1Π20, 14. 27, 8. stetit 111 4, 68. 11, 22. stc·

3 1116,6. Spartacum 111 1311311613.

. 8131311116,

11, 6. ΠΠ 6, ll. stomacho 116,16,31331331131316,6.

111 27, 36. 3113333 11128, 3.

1313 116102. spectaculo Ε strepitum I 16,18. 111 1123. 2312.

s 33133313 128,17. 1111 3, 18. strepitu 111 10, 3.

2, 24. spectandus 1111 31133331111,18,1111123.

stridore 134, 16.

ΠΠ 10, 6. utrix strigis i} 6, 20.

1126, 2. 311313 11 18, 13.

1,21.ΙΠ2,24. 33313313, studet 11112, 1.

, 2. 33313313 Π13, 17. 16, studiosa 11131, 23.

’ 3, 60. 3313133 Eo, 13, studium 111 12, 3. 1111 12, 26. studiis

31311311, 111113. speres 111 24, 64.

4. 1111 7, 7. 3331313 137,11, 31311111313111112,27.31311111313,38.

,30, 313331 111233. 3133331 117, 16.

1, 30. 4, 71. 33331 14, 12. stupens 11 13, 33.

11121,17. El, 24. OS 74. stupris 11116, 21.

[11 11, 26. 12, 13. Stygiis 11 20, 8, Stygiis 11118, 26.

3, 21. styx 124, so.

830. euadere E 16, 23,

116, 17. 1112312. sub (cum 33331.) 1 8,14. 3, 13, 13,

1113,13.3111,13.11113, 1333113311,11131333,

 

