372 INDEX 111111Βο11111

addueereE148adduxere 11111713. aa 1111611161117,73, aegrimoniae
adedo adesos 111 79, 36. 13, 18.

α66666111116116,1 Aeli 111 17, 1. ,
adfatus 17, 24. aemulari 111171. 1
adfer 119, 33. adferet ll 14, 4. aemuli 11Π1,18, aemnlalll8,.8 1
adfixa 1118, 19. 6661616611116,14.1
adfulsit 1111 6, 7. Αε1166611117,16.(1647 6616661111Ι
6616616661116, 8. 6, 73.

adhibet 11116, 37 adhibe 111 78, 4. aeneus Ill 3, 85. aenea I 3311. 111
66111161117, 77. 11, 11, 76, 7. 11119, 16, 1. aeneo 1119,18.

10.10,1.11,9 17. 66111166666186,19.
adiciant ΙΙ,117 17. adiecisse 1116, Aeolides 1114,70.

11. adiectis 1118, 3. Aeolias Aeoliae 1111 9, 17. Aeolion
adimis 111 77, 3. adimunt Ι 763111 30, 13.11661101111317.6661111

ademptus ll 4, 10. 6661161166111911 13, 24.

10. adempta 1117, 44. aequali 1112418. aequaleal8,.8
adlabores 1 38, 6. adlaborandum 666661761117,73.

118, 70. 6666616 116, 3.

66166666 Ε1,·70, 666661 l 7, 37. 14, 9. 31,14. 1116,
6611116666 Ι78,9, 34. 1111 16, 3. 66666116 l 36, 6.
66166666 11171, 13. 111 77, 73. 6666616 l 7,17, 9,19,
adnuisset 11116, 77. 1110, 11. 666,661616 71

666166 1111 4, 41. 1111, 33. 74, q41. 11116, 10. 116,
adplorans 1111, 17, 34 aeq notitias 11114, 64. 8,37.
adponere aid. app. 6666116117, 57 IIl 18,4. 79,.’1308
666166611111116,78, 66. aequa 1118 3766666111111,
adrogantem (611.) 11176,17. 66- 1. 6666614, 18'. 78, 78. 66666111

rogantis l 25, 8. adrogauit llll 1,14. aequo Ill 4,48. 66666116,

14, 40. r. 11 11, r. 111 1, aa. 11.
adscribi 1113,88. asera l 3, 34. 6616 117, 14.
66616666 1116 13. 661616111139. 666166111671.
adstringitur 1116,· 5 666111616111111 661166 178,6.

8, 10. aes 13,9, 6616 111 30, l. 1118, 84.
(16611111 66661 115, 8. lll 79, 37. 66611 85. 6616 116,8. 11118,7.

11,1 71. 666616116,63.666161111 aesculetis 177,14.

77,66, adesset 111713. 666111111 6661616 11110, 17.

71, 71. 661611 116, 8. aestas llll 7, 9, aestatem 1 17, 3.

aduenam 117, 35. aestiua 177, 18.

†aduentus l 73, 6. 6666111616 Ε 7, 44. aestuat ll 8, 4.

6116616616 116, 7. 6661666611 16, 67, 6661116666 131,6.
adulter adulteri llll 9, 13. 666116- aestuosas l 22, 8. aestuosis 117,

16111 11667. 66611616133,9. 36, 18. 6661666166113,18.

19. 11174, 70. adulteros l 1619, 6161666661661116, 7. 666166117, 18.

111 a, 66. adulteris 111 161. aetas 1 11, 6, 36, 35. ΙΙ 6, 18. 6161,
adulterae 111 3, 85. 14. 1118,48. 11119,Ιο 16,4,11
adulteretur 1116, 37. 16, 1. 9.

666111 111. 7 ,.8 66111117 1“ 7, 9. 66161661 1111 14, 6.
6611616116111111,13 aeternas 661616661116,11. aeternum
adurgens 13 ,71 113,ar.lll·23,o.111112,r.aeter·
6111111117,7 15 6611111674.666Π1,16.66161·11161111,11.
ady tis 1 18 5. aethera Π 70, 7.

demulsero. 116666611113, 77, 661161161379.

1111676, Aethiop s 1118,14
1166661130,4.1117,31.666161116, 3. 11611166ρ 1114, '18. Aetna Ε17,.
Aefulae 11176, 8. aeuom 11111 38. 666616111616.
1111666611 18, 2. Aegaeos 111 79 83. IIIl 14,3.(1868.66111 1111,6,
aegida 116,11, 1114, 57. 6666117 45 112, 8. 9, 13 16,17.

 

