INDEX VERBORVH

31661166 ΠΙ6, 39. glaebis 1116, 66
3161111116, 15. 316116 11166, 2.
gloriantis Ε11,66.

habilis 11119,64.
habitabilis 111114,6
habitanda 111611.

(11166166119,6.60,.6 63,,6 1Π 1166111616166316111414111

3166116161.

31611661 16,17. 66. gradu 136, 6.

Graecia 1161. 1111611.

Graeco 11164, 67. (116661 l 60, 6.

(11631 161, 8.

Graia 1110,16. Graiae Π16,66.
Graiorum 111134 (11611 11412.

31661616116,60.31661166Π1,6.
1111,16.111111,161,11.316·
1111116 ΙΠ11,33.7, 1.

3166611116,11.3166(1611111.17,
4. 11160 7. 3166111616 9

3166616616, 6. grandine 1111, 69.

(1161161Π19, 16 Π117,6. Gratiae
I4,.6 30, 6. 11121, 22.

311616 111,’ 24.

mennaha. 1o,20. 11,.11. 111
3,1. praellae. 3214. 11111,
6. gratum 119, 3. 316166 IIII
6,.61 3161616166,.1Π13,17.
3161611,1.6111,11.3611’,14
1.33, 14. 111111, 23. 0523. 3161641
11111, 13. gratarum 1111 11, 22.
3116111141161111111
6,1. 316116111Π6,7.

31666161 1111 11,11.

grauida 166, 6.

316611ΠΠ6,17.111,6.16,.631666
16,6. 3166111667 31666616,
1.11,.,.1111131661111111.
1111 11, 16. 11, 14. praui 111, 58.
1611. 11111, 61, 11, 11, 1.
316666 16, 66. llll 9, 8. 1111, 66.
31661614,7.16,16.111,6.Π16,
30. 1111111, grauibus Ill 6, 4.
31661616 1110, 10.

grex 111660, 316316 ΙΠ 13, 6. 31631
111, 18. 316366 1116, 66. grege
111,1.11111,11.11,1ι, 111611.
316366111666.1111,6.Ε6,16.

Grospho 1116, 7.

gruem 116, 66.

361361 lI 1, 36.

guttur 113, 6, gutturi 1117, 76

Gyges 116, 60. Gygen Ill 7, 5.

H.

1616116117. 111113,13 habeti}
1,16.6,17.16,63.1166661163,.9
1161161111 111 66, 4 habuere 11114,
48. habebitur 1,.116 ⁰.

3, 5. 11, 11. 116161 11 11, 2. 111

Hadriano 1 16, 4.

haediliae l 17, 9.

Haedus Haedi ΙΙΙ 1, 66.

11661166Π116,6. 16,60. 11666614,
11111111.

Haemoniae 111, 60.

Haemos Haemo l 12, 5.

haerere 1Π64, 66. haerentem 117,

67. 66, 10. haesit 12, 9. ·

Hannibal 11114,49. 1116, 8. Hanni-
halielilll 6, 16. Hannibalem 1112,

herenaei 66, l. 23. harenae 111 4, 31.

Hsffilrnbal llll 4, 66. Hasdrubale

116116 1112, 4. haetas 1 15, 17.

hant El, 32.

Hebri (nom. propr.) 111 16, 6.

Hebro (9631116660. Hebrum 111

Hchltor Π 4,10. IllI 9, 66. Hectorem

Hectoreis ΠΙ 6, 68.

hederae 1111 11, 4. hedera 125, 17,
1116, 6. hederae l 1, 69. hederis I

heiulatio (eiul.) 111617.

Helene llll 9,16. Helenae l 3, 6. Ε
17, 46. Η616666 l 15, 6.

Η61166616 I 12, 5.

herba 11161. 6, 61. herbas 66, 21.
herbis 11111, 11. 1111 111. 111, 1.

herboso 111 18, 9.

Η6166161 111 6, 9. IIII 8, 30. 1417,
31. Herculis 11114, 1. ΠΗ 6, 66.
11317. Herculem 11111, 52.

Herculeus 1 3, 36. Herculea ll 12, 5.

116161 Π 3, 60. 14, 66. 16, 5. heredis
ΠΙΙ7, 19 heredi 111 64, 66.

116166 112,1.

Hesperiae 1116, 8. Π116, 66. Hespe-
rial35, 4

Hesperiotodi.)llll 15, 15. Hesperiae
Π 1, 66. 17, 60. Hesperiis 1 68, 66.

116616,67.6,6.16,9(1111).1964,
11. 11111, 30. 1111 1, 33. 6, 11661).
10,6. 1317 Ε6,.101 117. 21

44344244444 1111112

Hiberia H5, 21. Hiberiae 611616

 

