INDEX VERBORVM

6. 111111.

26.

full&
ᾖ, 9111.
ss„ Ἢ, ξ 20, 6. ΙΙ 11, 11. 11,
202¹· ‚16.16,20. 22, 631111
. 1⁹· 11114. 3, 20. 6, 4.,Ι 14, 6.
11, ius ΕΠΕῌ), 1111011116, 2.
400⁰ fl 416. ΠΙ 4, 74. 1113111111

weg 4⁷· maerebis 81123. mae-
ffl ' 13, 6. maestis 111,16.
⁸122, 11, 11. 16. 111111. 13, 3ο.
affl, ὃ, 21, 21. 2, 60. 11, 13.

,ὡς 1116, 31. magistro ΠΙ 11, 1.
ffifflsam 1111, 13.

ι,ωςΕ4,15.111111111Π3,6. 6,
⁰¹22, 1111. magni 110, 6. 12, 60.
1111 5, 66. 111, 64. 11, 46. magnae
112, 37. 11116, 1. magnum III 4,
49, magnam III 27, 74. magnum
1116,14. 11124, 42. 13, 11.
magnomuglE 16, 6. moffflntis6 12}
ffiggal'ffl 3, 1121811111ιί1 I 3, 16.
1120,4. 111111. 20,8. 111166.
14 14, 21, 16. 1111111 Ι12, 17.
111’1, 61. 11, 60. 1111131. 4, 64.
26, 77 (bi). 6612. maiore 1111
2,,13, maiorum ΠΙ 6,1. 16, 18.
maxime 111] 14, 6.

2331313·

1111311111 ΗΠ 15, 15.

,1111 11 10, 24. malas 111111, 64.

1311311112823. malignum ΙΙ 16, 39.

molo mauis 11, 33. ΠΙ 4, 3. 27,13.
06. malis 111 24, 58. 1111111 4,12.

malobathro Π 7, 6.

405

malum Ε13, 17. moli 1Π24,49. Ε
11, 7. 11110114,10.Ε15,18.111111
11 13, 26. 1116, 6. 12, 2.

111111 122,19. Ε 12, 7. 1111111111 Ε 11,
1111111113, 26. 16, 62 16, 1. mo-
larum E 2, 37. malos Ε 6, 11. ma-
¹26 23, 7. 1111111113,18.Ε16,16,

ale 1111. 17,26.1110,12. 111
14, 11. 11116, 14. 11, 1. 11 11, 16.

1n1'1l06 I 14, 6. III 29, 68.

maluae 131, 16. 22, 66.

mammae 26, 7.

11113 ΠΠ 5, 30.

maneo 111131. Ι 1, 26. 13, 6. 28,15.

1116,31. 111210. 1613. 16,41. '

17, 36, manent 111 11, 29, Ε17,
62. maneant 1 28, 66. mone 111 7,
32. manentem HI 26, 53.

Manes 14, 16. Manium Ε5, 94.

Μ11111 III 21, 1.

mannos III 27, 7. mannis 24, 14.

mono 111111 IIII 1, 64. manant 110,
2. Ε16, 47. 1111111Π 11, 10. 1111-
1311111119 2, 27. 1111151111, 16.

manus 111 3, 6. 6, 9. 23, 17. Π1111,
9. Ε10,12.16,4. 1111111135,36.
Ε3,21,4,19.11111135,18.1112,
3.13,1. 1111114. 26, 1. manm
I 1120. ΠΙ 23,1, ΠΠ 4, 73. ’1,19.
Ε 5, 60. 17, 1. 49. CS 63. monibus
11126,16.

Marcelli I 12, 46.

mare] 1610. 26,16. 111 1, 26. 113,
1. 11, 3ο. maris 1616. 111, Π 6,
1. 11, 20. 11116,10. 1111111113, 61.
more 1 1,14. 3,11, 6, 1. 11, 6. 12,
16.14,1. 111. 111, 31. 3, 2. 12, 2.
10,11. 111 4, 46. 24, 4. 47. 22,
66.11116,1o. 12, 1. 11, 6. 62. 16,
6. 16, 29. mari 1 13, 4. Π 6, 111
6m2mmm6oem

Mareotico 137, 14.

11111113 11112,1.

marinus Ε 5, 27. marinae 1 6,16.
11126, 6. 11116, 6. 11,16. marino
11126, 16

marita 6613. marito OS 20.

m61166622,1o.

moritus 1116, 6. mariti 117, 7. 111
6, 26. marito ΠΙ 11,12. 37. 111111-
1111 Π 5,16. 111111οΠ1630. 14,
5. maritos 11624.

marmore I 10, 6. marmora Il 18,17.
1111113.

marmoream 1111 1,10.

Mars Martio 1116,16. Marti 126,
17111 3, 3311111111 16, 13. Morte

 

