INDEX vnnnossvn

Typhoeus 1114, 56.

tyrannus 11 1111. 111111. tmuni
Ι36,12.1112, 7. 3,3. tyrannos 11

111113 31 13, 60. 1666 E12, 21.

Tyrrhenus 11116,12. Tyrrhena 111
33111,Ι Tyrrhenum 1 11,6. 111 33,

V.

313313 11 13, 64. 11112, 66.

11333 11311111 18,11.

uacuum 16, 34. 18,16. 1111 15, 6. na-
333111 1 6,10. 11111333. uacuum
11126,16. uacui 16,16. 62,1.

uada 1 3, 24. 31113 1113, 26.

3113 113, 3.

33131 1117, 12.

3333113311333331331 1111311.

313331213111333113311127,
16. 3131313313 1113311113,
13. 31811331. 1111111133, 13.
111133. 31831133, 33

31131134,13.11111Π1 31113·
1311313331111311111111.
3313311313 111 36,16. 1117, 4. 33-
13313111 1116, 3.

Valgi 116 5.

ualidus Π14, 53. 3111113 131, 17.

3311311133. 33113117,17. Π11,
47. 112, 11. ualles 117,11.

wallus uallum 11313.

uana 111 37, 41. uanae 124,16. uano
1 26, 6. 11113 (606166111 33, 66.

33 111316.

† 31133 Π8, 2.

13113 16, 1.

uarius Π6, 12. 1131113113, 16. 18, ’13

13331313118,1.116,73.

uastata 1Π14,41.

33313 Π1114,36.

331331 31, 2. 11 36, 3. ΠΙ 13, 15. 33113
113, 33. 1111331. 1111111133.
3313 ΠΠ 9, 38. Ε 16, 55. 331331 ΠΠ
6,16. 6, 31. uatibus 11, 66.

Vaticani 133, 1.

ubere 1111313. ubera 112, 46. 8, 8.

uber’es 1116, 10. 1111 16, 6.

ubi (adu. 1066) 1 3311. 113, 3. 14.
11. 313, 6. 16, 43.

ubi (temporale) 111, 16. 13, 33. ΠΙ 6,
41. 31, 66. 1111 6, 6. 1,13. 113, 31.
6, 61. 11,16.

ubicumque 11131, 13.

udam 111333. udum III 33, 6. udo

465

13311131.1331131111
Η333
3Μ33333313313
m2m44ffl2mfflnn
31. 4,13. 56. 64. 311. 20. 62.
1ω131331133ω
3333113

uectigalia III 15, 40.

uectis nectes Π136, 7.

uector 33313131 1117, 74.

3313 33111 ΠΙ 39, 48. uexere 111
33

13131123.

13Η3ω33131333
133331333113
333331η33
31336131333313
33333

uellus uellera III 15, 66. 1112, 21.

uelo uelata 1 35, 22.

nmIm1m265ffl2m
ueloci III 27, 63. uelocis 111113,
11. uelocius 1116, 51.

uelum uela 1 31, 4. ss 10, 24. ΠΠ 15, 4.

mmlmwn6m6fflmn
nfln2666566wn6

ueluti 11133, 6.

uena Π18, 16. 33313 112,16.

Venafranos 1116, 55.

Venafro 116, 16.

uenalem 111 14, 2. uenale 11 15, 7.

uenator 1 1, 36. 37, 13.

ueneficae Εὖ, 71.

uenefici 1117, 68.

3311333113 122, 3.

uenenum 1 37, 38. ueneni E 3, 6. 113-
33113 Π 13, 8. E 5, 52. 87. 3333113-
13111116,23.3333313137,33.Ε17,36.

ueneratur 63 43. 3333133131 1111
mn

†uenit 11116, 31. ueniunt 1116, 46.
uenias I 3, 36. ueni 1111 12, 22.
ueniens 1116,16. ueniet 1 13,16.
1ffl62oemmnffl.

1131131 333311 11124, 56.

uenter 1133, 17, 66. 3331133111
nn

1133133331 ΠΙ 4, 46.

33111113 uento 136,13. 1116, 33. ΠΙ
36,13. 113111111336. 11114, 3.
uentorum 16, 6. 1311133 13, 16.
3313333·33331
131333313311
31333ῌ3333
1313

Venus 145. 16,16.16,6. 13121,
33133113333

28·

 

