INDEX 71:195019911 415

patemumH16,13.paterno (1661111111 II 12, 9.

1. paternos 111616166111 egenus 1 27, 24. 1111 11, 27.
paternis E17, 15. †peiereti 116, 1.

. 1 24, 19. 1161611116,46.116111,ΙΙΙΙ9,69. peiore
1619. 1166111111 3, 39. 116- 1 7, 39. pessume 1111 8, 4.
1Π3,16. patiar 111 9, 36. 9, pelagus 136, 8. pelago 19, 11.
Ι9,31.1166111,18. 11,3. Ρ61661117,17.

,. 24, 43. 11119,19. 11611616 Pelidae 1 6, 6.

. 7,19. 8, 4. 10, 20. pessi Pelion 1111111.

. pelle Ε 17, 21. pelles 11 1616. pel-
115,16. patriae 1115,19. libus Ε17,16.

6. CS 42. 116111611111 6, 20. pellitis 116, 10.

1111, 13. 16, 1. 11119, 61. pello pellit 11 9, 11. pellite 1 7, 91.
Π14, 5. patriis Π 7, 4. pa- pellente ΙΙ 11, 7. pepulit 1111 14,

1,11.11127,49.Ι116,19. 16.116111116661Π18,16.1161111111 ·

111111. Π 18, 26. pulso 111 15, 10.

n 111 15, 95. p15011111,5. 1616111166161.1116611116.
12, 95. paueat 1111 5, 26. 11111161616115111111111.61116111
111Π11 14, 49. 116161161111 ΙΙΙ 23, 19.

1111119161111111 111 16, 6. ΡΘ1111111111 111121161110.

ι. 116111611123,2, 11611666 6111161161 117,29. 111 10,11.

. 11616116Ιί11 II 13, 6. penetralibus 1111
fffffflffifiss9mmstepssssssmssme
»ἓ1111111111111111161111· 11111111,1113111611ν 4'

1616111616) 112, 38. 16161161 Π 19, 14.

16, 88· 1 per 13, 95. 99. 5, 7. 9, 1. 10, 10. 15,
,³⁵2 0· 11999. 11195,11. 1. 17, 5. 99, 5. 5. 91, 7. 111,1. 9,
9⁸ 111 ¹751· 1111, 1⁶2- 9911· 5. 7,16. 16. 11, 11. 11, 15. 19, 91.
ι8, 83- 111 ²1, 18- pauperem 95, 9. 19. 1119, 19. 4, 7. 1116. 11,
10· 88· 1811 8111111613- 11 15. 99. 15, 9. 17, 1. 19, 9. 99, 5. 99,
11199,11. 117, 47- 6. 11, e. 19. 11, 59. 1111 161. 99.
1111 18, 81· 84, 42· paupe. 19. 9,10. 11. 19. 95. 4,19. 19. 19.
1, 18, 18, 0· 111 8, 1· 89, 88· 14661111). 16. 616. 611. 9, 9.
48· 49.11,1.91. 15, 9. 19. 111, 11. 5,

9 11213. 5. 7. e. 95. 5, 7. 11, 7. 15,-11. 11,
16 Π19,28. pacem 111 5, 38. 2, 3Ι 4, cs 11, 41,

11191 35· peractis 1111 11, 99. 6611.
1111. 1616611661, 111 P
'lgecffe UH’ ω’ 9194. perculsae Ε7,19. 1116161161111 ld
9, ’16. 11 16, 15. 19,15. 11 ¹¹1²:

7, 9919. 71. pectorislw, 181811111181888 ,
,101111111611111101011 1161616616 Ι 7, 11. percussum 5 11,2.

31, 14, 111Ι 115, 14¹ 13,10. perdam 11134. perdere 18, 3. 111
‘30 1171 9, 33¹ pecuniam 111 11, 82. 1116, 3. perdemus 111119.
.24, 61. 119, 59. pecunia 116161111Π14,76,
1161611116 1113, 29.
1, 1. 1 9. 111 16, 9. 99, 99. perenni11111190,1.
1, 11. 111, 11. 1, 15. peeoris 1166116166111,11.111 9, 99. 111,
pecori 111 13, 12. 1116, 7. 16. pente 11111. 11119,62. 11
,pecore E 15, 19. 5, 91. 116161111611111, 27. per·
111116 12, 39. eunte 195, 7. penret 1116,17. 11

611111111141116 11116, 17. perambulabis

 

