¹ INDEX VERBORVM

00000000
01000οω00
1000οω000
9, 99. nobile 119,36. no-

11Π13,13.ΠΠ19,16.10·
199,13.

1116,61.1100011101111114,16.
110111 ΙΠΙ9, 491100θο11001]

411

11011110 Π 16, 12.

0000000000
0000000000
96. El, 5. 0001111Π11, 5127, 14.
110111011036.10014,16.7,96.
Π3, 27. 1Π6, 47. 1116, 41.

nosces 115, 27. 1100001111 90, 19
nouiIII27, 19. 1100111117, 77. noris

000010001118,9. 1001101010 111111, 13.

iifl. 11110, 0.

00 116, 99. nocturnae 116,

ι,0111111οΠ6 19. 19, 7 000101-
116, 4. Π11 1, 37.

nostrum 11 17, 21. 1101111 ΠΠ 4, 71.
1100110 110, 16. ΠΠ 16, 6, 1100110111
Ι 3, 39. nostro Π 1, 36. ΠΙ 6, 24.
11001110 19, 47. nostros ΙΠ 6, 11. ”
10011οΠ6911οε111οΠ13,99. 1111

1111, 24. 1Π91, 99. 11011011 16, 97

1. 1214, 22.
01
Π97,36.ΠΠ16,13.001111-

0610111119,19.ΠΠ9,69.11610136,
10. Π3,(1110110 11118, 13
Nothi ΙΠ 15, 11,

5,10.3‚..7HII472nomen 110100171698991Π1691116,
11413 Π11,16. 3,.45ΠΠ 22. 1101113 14 Νο1οΕ9, 31. Noto

8,18. 9,.47 11011110οΠ191,
17,69. 000110011197,76.
,00000000,
00001ῌ100
6, 6 (bis). 7 (bis). 18, 6. 9.
100000000
7,13. 15. 98,14. 33. 35.
000000000.
0000010000
00000100,
000000000
17,9. 18, 1. 3. 40. 19,15.
000000100
(00000000
010000000
00οΜ1000
’.13,- 9. 14, 27. 15, 7. 14.
l3,2.24..20,121,3 23,
17834 958969 99,
00000000
14 94900334461.
,001000000
i. 17. 9, 3. 5. 13. 18. 13. 21.
3. 45. 51. 10, 7. 8. 11, 99.
,01ῃ100010
¹. 21. 22. 23. 24. El, 8. 10.
00000004,0
50. 59. 73. 81. 83. 87. 7, 5.
1417. 11,91, 25. 12, 95.
0000000
000
Πμο10
00
mmm
110, 9. Norico 1117, 71.

Εο,000οω.’
1101001100ΠΙ4,70.1117,18.11010
19, 10. 11Π13,91. 11091οΠ111,
25. Π119,6. 11011οΠ11 13,16. no-
1101Π90,13.
nouom 111011. CS 69.
Nouendialis Ε 17, 48.
nouerca 116, 9.
009001000000000
nouae 111 19, 9. OS 101100010131,
9. 1100011111 6,66. 0000 136, 18. Π
00000000000
000000000900
noui 1 14,1. 00110011 18,16. no·
010 1117,64. nouas 111] 12, 19. 11000
19,6. 119,18. ΠΠ9,10. 1100101
100000000
110114,16.98,16. ΠΙ 11,50. 11 16, 1.
17,96.1001,1οΠ910.Π119,10.
1100100119,19.17,96, 1100101117
23. 97 31 99 30 ΙΠΙ9, 28. 5¹:10
3. 0100894 1100100195,7.111
7, 71115, 13.
000000000
11000οΠ 16, 9. 11011019 31. 1Π90,
44. nubes 1 12, 30 1101110111 Π119,
97.1101)1110111199,10 nubooHH
14 22 nubibus 119, 1.
100110.0,0
nubonuptaffllo, 2. 11Π6, 41. nuptam
116, 06. nuptae Π8, 93.
nudus 111 15, 93. nuda 124, 7. 0111,
69. 11Π 7, 6. 1101101111 14, 4. nudo
1110, 1100111οΠ119, 17. 1117,64.
110110οΠ 9, 1. 11011οΙ 22, 17. Π 16,
14.18,99. 1116,17. 0011011111
,17, 24. nullius 11 16, 61. nulli 1 24,

 

