INDEX vuassoavu 313

4, 42. Afra E2, 53. Afro
15. 1113,47. Afris ll 1, 25.
1111111,19.

11 16, 31. Africa 11111.
111 111126.

116, 22. Africumll, 15. 3,
23, 5. Africo 1 14, 5. Africis
lia) 111 29, 67.

nona 1111 9, 23.

111 18, 24. agro 111111.
2. 1311111,12.119,2.
11. 5, 55. 11, 47. 1111, 11.
11111111. 15, 5. Ea, 18.
12,13. agitare 11 13, 40.
51115, 0. agitatur 1110, 9.
1111912. 1311111111 12, 29.
1111 12, 10. agitata 111 1, 24.
18,18. 1311111111112,9.
ι 1111 11, 11. 1117, 1.

’, 59. 10, 24. 1116. agnam
1113111111.

ζ11,8. 1131111111 18,13.
1 14, 2. 1311 111 7, 8. agunt
'. 1311111131. 1311111
131 1 27,17. 32, 3. 1111,
14,1. 1111. 11111111.
111 6, 44. agentis 111111.
1115,53. 1311111389.
311121, 16. ll2,'l. 13111
1, 8. 11114, 12. 1311111 12,
or 111 25, 2. 131111111Π11
aolus 1117,5. Ε 9, 7. aciae

1111 1, 21. 30,11. 13111111
1 6, 5.
111 5, 11.

1 4, 5.
lei) AiaoiaE 1314111111
1.
7, 25. alis 217, 5.

1111, 2. Albanos 11111, 10.
,1 CS 54. Albania 11123, 11.
1 111 14, 25.
1 4, 4.
lbi 133, 1.

1 7, 12.
,15 111 11, 11. 11, 15. 17,
a 112, 27. ll 3, 9, album 11
111 8, 6. albo 1 35, 21. 112,
18. albia CS 49.
lI 0, 7. Alcaeo 11 13, 27.
1, 6, alea 11111, 58.
11. 11 11, 15. 1114, 78. 111.

11111, 10. 11, 11. aliti 1117, 57.
alitem Π 20, 10. 11114, 1. 111111
6,2.1113,61.11115 24. ΕΒ, 14.
11, 1. 15, 24. 111111 111111. ali-
tibus 1:17, 12.

Alexandrea 1111 14, 35.

Alfius 111, 57.

1131 11117,1o. ’

Algidum CS 59. algido I 21, 5. 111
23, 9. 11114, 11.

11111 111 5, 43.

alio 1115, 23.

111111 Ι 18, 4. 1Π 6, 60. 1114, 9.

alium stallium) 1111.

aliunde 11 1316.

aliua 111 7, 21111127. CS 10. alii
11121151. 1111 Ι36,8. 11 16, 16.
111111. 1111111,11.1111,1. 1111
11, 33. 111117,1. 1111112317.
11111 13, 4.

Allobrox 1111.

alloquiis 1113, 18.

alma 1111111. almae 12, 42. 1111
15, 31. almum 1111 7, 7. 1111111111
4, 41. alma OS 9. almae 111 4, 42.

olo 1111 122,14. aluere 11111, 6.

Alpium ΕΙ, 11. Alpibus 11114, 17.

111111 11 17, 6. 1115, 1. albarius 111
24, 22. alterum 1111111, albaram
1110,14. allorum 0857. altero

111 5, 34. altera [1539. 1111111 .

1111 5, 31.

alterno 14, 7.

allus 1111 111551. 1311111133.
altum 111, 19. 10, 1. 111 1, 34. 4,
37. alto 1111 a, 42. 1111111. 11
11, 11, 111, 3. 5150 †11113, 11.
1117, 55. allia Ι 16,18. albos 1
1, 7. 11111, 11. alas 11111. 1, 7.
alta 111,1. altis 11, 11. 10, 7.
15, 47. 17, 70. altior 111 5, 40. al-
tius 11130, 2.

alueo 111 7, 28. 29, 34.

alumno Ε13, 11. alumni 111 23, 7,
alumnia 111 18, 4.

aluo 11111, 20.

Alyattei Ill 16, 41.

amabilia 111 4, 5. amabilem 1 5, 10.
119,13. amabile 111 13, 10. ama-
bilia 1111 3, 14.

amara 111111. 111111, 19.

amator 11111, 1. amatorem 111 4, 79.

Amazonia 1111 4, 20.

ambeo ambit 135, 5.

ambiguo 11 5, 24. ambiguam 1133.

ambitiosior 1 30, 20.

 

