420 INDEX VERBORVM

prosperos OS 18. pugnax IIII 6, 8. pugnaees 111511.

prospiciens 1111, 8. 25, 10. papnopugnetlll 5, 31. pugnarelrl,

prosum prodestl 28, 4. prosuntl26, 2. pugnauit 11115, 19. pugnata
10. 5151511111515115151) 1117,60. ΙΠ 19, 4.

proterit 1111 7,9. proteret III 5, 34. 5155555 pugno ΠΙ 12, 8. puguisl

proteruitaa Ι 19, 7. 12, 26.

5115151555 1116, 22. 51515155111 11, pulcher 11Π2,47. 4, 39. 55151151
11. proteruom Ι 17, 24. proterui'r 36,10. pulchra 116,1. 55151111
H 5, 15. proterui Ι 25, 2. proter· 111155. pulchris ΙΙΠ13,8. pul·
uae III 14, 28. 5151515151 26, 2. 5111151116,1. Π 8, 7. Π19, 21. llll

Proteus 15, 1. 1, 55. 511, 15.

51511555 ΠΙ 3, 80. †Pulliae 1111, 10.

5155511551 1111, 66. pullis ΕΙ, 19.

prouidus 111 27, 8. prouida Π15, 13. pullus (adi.) pulla Ι 25,18. 111646,

prouocee 118, 19. pulsat 14, 13. pulsanda 137, 2.

prudens 1 3, 22. ΠΙ 29, 29. Π119,35. 551511155 118, 16.

1117, 47. 55151551 Ι 37, 3.

pruinis 11, 4. puluia 1111 7,16. 55155115 I 8, 4. 28,

55511515 1111 13, 7. 3. 5515515111 Ι 1, 3. ΠΙ 3, 21. 551-

pubes 15511. 11511. 111515. 1111 uere 15, 14. 15, 15, 55, 55. 11,
4,46. 551151116,7. 22. ΗΠ 6, 12. 55155155117,43.

55111155 II 8, 8. publicum llll 2, 42. pumicibus 111,5.

55111155 Π15,18, 551111555Π1, puniceae 1111151.
10. publicis ΙΙΠ 8, 13. punico 119, 27.

pudet I 85, 33. 1111, 7. pudenda 11 511155 III 6, 34. Punicis lll 5,18.
4, ¹20. puppes 119, 20. puppibus 114,14.

5511155112,39.17,40. pudicae HI 5, 5555155 115, 40.

41. 551155151Π17,25. 55111515 55155155 112, 20. 5, 7. 55155151]
IIII 2, 23. 16, 7. 55155155 111113,13. 511155-

551151 Ι 6, 9. 24, 1. 1115, 33. 1111, rurum III 1, 42. purpuras Π 18, 8.
18. pudori 111, 1. purpureus 11115, 15. 5515515511 ll

Pudor 124, 6. (1857. 12, 3. 55155155 ΙΙ5,12. purpureo

555115 llll 11, 22. E 3,21. 55511551 1113, 12. purpurei 135, 12. pur-
9, 22. llll 9,12, 1111, 27. 5551155 551515 1111 1, 10.
11114,ιο Π1111, 10. puellarum purus 122,1. pura 115, 19. purae
11 5, 21. 15551115Π126, 1. 5551155 ΙΙΙ 16, 29. purum 134, 7. 5515 ΙΙΙ
ΙΠ 11, 28. 22, 2. OS 36. puellis Π 4, 61. 10, 8. 19, 28. 29, 45. 55155
13, 25. 1111, 4. 1117, 49. puris 112,15. puriusl

515115,1.5,15.15,11.15551, 15, e.

20. 151. 30, 5. 55, 1, 1111,15.111 putidam Ee, 1.

2, 2. 12, 4. 14,17. 19,10. 24, 55. 5515 putando ΠΠ11,30.
1111 1, 15. 29. 5, 55115, 12. 32. 83. putres 55, r. putris 155, 11.
5, 15. 5, 55. 1511. pueri 511, 55, Pylium 115, ee.

puero 111 9,16. IIII 15,1. puerum pyramidum 11155, 2.
110,10. 32,10. 1114,12. 11115, 1511111155.

37. 55511 1 19, 14. 21, 2. ΙΙΙ 14, 10. Pyrrhae (myth.) I 2, 6.

27, 21. IIII 1, 25. 6, 31. puerorum Pyrrhe ΙΙΙ 20, 2.

6511. pueris 11 15, 34. 111 1, 4. Pyrrhum (155551.) 1115, 55.
Π1111,10. pueros 112,25. lll 3, Pythagorae 115, 21.

68. 1ΠΙ4,28.6,18.086.34.555- 151ὴὶ551166.
11111115,51.1111,1.

555155151117,52. puerperae 1111 Q·

puertiae 136, 8. que (ada.) 18, 3. ΙΙΙ 3, 46. 48. 8,

pugilem llll 2, 18. 3, 4. 25. 30, 10. 11. llll 2, 59. 14, 5.

pugnus Ι 15, 25. ΙΙ 19, 27. ΙΠ 20, 11. quadrigis 11 16, 35.

llll 4, 12. pugnas 12, 23. Π 13, 31. quadrimum Ι 9, 7.

 

