runnu 1111881111 421

quaero Ι 16, 26. ΙΠ 27, 55. 29, 56.
quaeris 1111 1,12. quaerit 111 6,
888Μ88Μ818
rimus 111 24, 32. quaeritis 216,
16. (1118811111 17, 6. (11881811 1,
4awmm1fflanm4ffl1
4, 21. quaerens 137,22. quaerenti
123, 2. 1112, 17. quaerentem III
4, 99. (1188181 ΙΙΙ 24, 27. 215,
1HI4. quaesieris 111, 1. quaesitam

11118118ΙΠ20, 15. 11111, 3. 14, 2011
2, 41. 6, 5. 13. quale 85,13. que·
nmffl4ammmmmaa
6, 59. quales Ea, 8.

qualum 111 12, 4.

ῳωῐω88888888,
88118888188.
8888888888
888181881881808

quamquam I 28, 95. 11 10, 25. ΠΙ 9,
anamma

quamuis 11111. 28,11. III 7, 26.
maumamamqa
(1,1181(ΙοΙ24 8. ΙΠ17,2. Ε9,,1 16, 27.
(1181118118 ΙΠΙΙ, 17. 2, 34.

(1181118115,9(518).’1110,.7 16.
1118118114, 1. 11, 8. quantumi
27, 6 Π5,17. 11119, 1. Ε5,.35
88188888888
17. (1181181 27,19, quanta (acc.)
115, 10. quantia 11111418.

qnatenus ΠΙ 24, 30.

(118181131,13.
quatit t,116 5. ΠΙ3, 4 29, 59. qua

11111147. 25,1. (1183811118,
12. quaties 1 12, 58. (11811811 ΠΗ

888888888
32. 20, 4. 11. 12. 15. 16. 20. 22.
III 1, 4. 12. 20. 23. 30. 36. 44.
2, 5. 23. 28. 3, 19. 28. 29. 88. 40.
43. 56. 69. 68. †4, 4. 4,11.16.
43. 46. 51. 55. 63. 74. 5, 4. 7. 11.
23. 36. 42. 47. 6, 3. 20. 35. 86.
aafflammammm.
meammuaameuqa
18. 29. 18, 3. 21,18. 22. 23. 22,
1. 3. 23, 4. 16. 24, 15. 39. 44. 66.
memamamamea
888888488
12. 14. 22. 23. 28. 81. 37. 39. 42.
47. 55. 60. 64. 30, 2. 6. III] l, ·
22. 2, 7. 11. 13. 28. 28. 30. 38.
888888188
49. 60. 67. 6,13. 18. 6, 2. 11. 21.
30. 31. 3639. 7, 2. 6. 8,1.16.23.
aammmmmmm
36. 39. 49. 50. 11, 17. 23. 12, 11.
818888184818
27. 31. 39. 42. 44. 46. 50. 16,11.
14. 26. 27. 31. 8131. 2, 7. 13.
27. 30. 35. 45. 65. 4,15. 6, 20.
21. 33. 46. 79. 87. 93. 7,16. 18.
888881881188
16. 12,10. 11. 12. 26. 13, 2. 4.
17. 15, 9. 20. 22. 16, 6. 8. 10. 13.
19. 30. 34. 46. 50. 53. 17, 7. 19.
29. 43. 50. 72. 75. 80. 081. 6.
10.17. 19. 22. 23. 25. 26. 29. 33.
37. 49. 60. 6864. 57. 59. 62. 67.
691518). 73. 74. (118-(1118126,
(8888188488
ΙΙΠ 2, 22. 4, 66. 0647. 60.
queant 1111, 25.

1, 28. quateret ima, 7. (1188888
11,18. ΠΠ8,32.
188888888888
888888888881
9182126. 30. 9, 3. 19. 28. 10, 6.
1618. 12,10.16. 26. 30. 37. 40.
14, 6. 18. 15, 12. 14. 18. 34. 16,
20. 28. 17,.4 2028 18,..616
1,.92 14. 21,.3 10. 11. 1214
22,1,19. 24,7. 26,.,..827316
'810891527298234
29,.4 30168. 31,.18 329.
11 34,.8 11. 36,11.16. 2032.
34. 40,,.,3693711..14 Π1,2.
10 31219 2211918421
5,246,8.1.517.,..74188,.7

quercus (88888.) 1 12, 12. 111 23, 10.
mmm

querellam 111 11, 52. querellarum ll
9, 18. (118181188ΙΠ21,2. querel-
118Π17,1.

‘querimoniae ΙΙ 20, 22. 111 24, 93.
querimoniis 113, 19.

queror queruntur Ε2, 26. querenti
12,17. 111 27, 66. querentem Π
18, 24. (11818581 Ε 11, 12. questus
115,11.(1118818812,6.
querquetu 11 9, 7.

querulae III 7, 30.

questu Ι 25, 16.

(111 (relat.) 11, 19. 3,10.18. 19. 5,
910. 10, 2. 12,14. 15. 32, 6. ¹36,

11. 22 9,21. 23. 1011 11,8 41113, 10. 14,7.,2017. 1112,

16 12, 6, 9. 11. 15431133 14, 26. 44511118). 61. 62. 6,33. 35.

481419 15412163517 17,6. 10,132681111255 4

188.3οω9908 888’ΜΗ,8818

 

