INDEX VERBORVM 381

0 II 3, 23. (1010011116,7.111113,23. dederis
100 18, 11. 11Π 7, 20. dederint 1 11, 2. (10111
11 (0, 13. 1313, 33. detur 111 11, 39. datus Ι
(1(’1 1113, 34. 2113. (1011111251. (1111011111
l117, 23. (11103111112. dispu— 7, 17. dato 111 4, 41. 3, 46. datis
, ((,31 (3,.30.
1138, 2. doceo docentem 11 13, 2. docentis
0111 111 3,14. 111 7,19. docuere 1111 4, 8. doceri
111 8, 20. dissidens 11 2, 18, 111 6, 21. (100101 Ι 29, 9. OS 75.
Ε17,29. doeio ΠΙ 6, 38. 9, 19. (10011οΠΙί
11112117, 13, 7. (1001011185. (1001010101
1111,17. dissupure E 17,48. 1, 29. doctior 111 24, 56.
1111Ε16,14. (100111111111,1. 11116,43. docili
›ili 1 3, 22. 0843.
Ι 9, 5. (100101 1Π1 6, 25.
(11110110 112, 46. doctrina llll 4, 33.
1111 3, 12. dolet 1114, 73. doleas 133,1. dolen·
11Π 3,11. tem1111,41.11114,62. (1011111111
111 1111 13,1. 1111 9, 29. di· 1115, 11.
[1 13,1. dolium 11111,21. (10110 Ε2, 47.
(101 1111 2, 10. (10101 1115, 16. (101011101 1117, 64.
011Ε1,32,(111011οΕ17,60. (101010 ll 1, 8. 111 27, 25. dolosi 1
1311111,1.1,22.3,2.13,21. 33, 23.
111115. (1100110101136,19. dolum I 10, 10. dolos 112, 34.
us [1312. domabilis 1111 14, 41.
1o,14.31,1o. (Ι 3, 21. 12, 21. dominae 11 e, 13. 12, 13. 11121,o3.
11111,13. 11, 23. 12, 24. 2 1111 (1, 44. dominam 133, 3.
diuitis 111 24, 2. (11111 Ε2, dominus 111 1, 36. 38. 16, 25. domini
uitem 11 18, 31. diuite 1111 1113,12. domino 1113, 8. domi·
initum III 11, 6, 16, 23. diui· num 114, 6. 14, 24. dominos I 1, 6.
1112913. 1111827, diuites domo domat 1 27, 14. domuit 313,
12. ditis 1 7, 9. 7. domando 11 2, 9. (101111011114,
36, 6. diuidatE ll, 16. diui· 12. 8, 22. domitum 1 20, 3. (10111111
34, 6. (1101101115, 15. diui· 1111 8, 18. domitos 1 12, 54. 11
11, 3. 12, 0,
1121, (0. domus 14,11.1,12. 1112,3.13,
(110103. diuitias 111 1, 48. 21. 111 3, 23. 13, 12. 1111 3, 21.
,110111011310 11,6. 12,6,Ε2,65. (1011011118.
1313. 3130113,23. 111 13, 3. 1014. (11000. (0,3.
1111 1, 0. 2, 11. 111, (0, 32. 3, 23.
ζο, 2. 110013, 1. 33, 1. 111 11,2o. (3,(0. 13,21. 6014.
10, 0. 1813. uiuendo, 1. domo 13, 29. 113, 11. 11, 21. 13,
111 2, 38. diuom 1111 6, 22. 2. Π115,12.12,24. 1193. domibus
12, 23. diuis Ι 0, 0. 1113, 1 22,22. domos 113, 33. 23, 3. 33,
·, 3. 1111 2, 31. 3,1. diuos 11 24. 11 12, 24. 13, 13. 111 1, 22. 0,
1o,1. 1114, 41. 111111, 34. 18. 13, 0. 21, 10. 23, 31. 20, 03.
1. (1010111141. (1011128, (10000 1 9,17. 1115,45. 6, 2. 9,1. 5.
‚211113,3.1o(bis). date E11,33.
4. 03341. (1010128, 25. (1010(1010111112,20. donem 11122,
11 12, 13. 111 341. 12,1. 13, 3. dones Ι 31,18. donet 111 0, 21.
(0, (3. (0, 21. (00011100. cs 30. donare 1111312. 12, 13.
. 1111 15, 4. (10101 I 37, 20. donarem 1111 8, 1. 3. (10100010 1111
12, 29. 9, 14. dabimus 1111 2, 38. donatura 1111 3, 29. (1010110-
(10100111112, 39. (1010101 ris 111 13, 3. donandus 1111 2, 9.
3. CS 43. daturos 111 6, 47. (1000011003 111 8, 27 . 1111 9, 42. do·
111, 13. dedit 1 111. 31, 0. nis 113, 13.
30. 111 2334. 11113, 30. de· Dorium Eo, 3.

23*

 

